motor_params:
  n_motors: 4
  a: 0.2211425
  b: -0.1103585
