motor_params:
  n_motors: 4
  a: 0.168399
  b: -0.157798
