image_width: 752
image_height: 480
camera_name: bluefox_left
camera_matrix:
  rows: 3
  cols: 3
  data: [608.983268604782, 0.0, 372.87195474540397, 0.0, 608.5730422824972, 247.8730053566295, 0.0, 0.0, 1.0]

distortion_model: plumb_bob
distortion_coefficients:
  rows: 1
  cols: 5
  data: [-0.3985940476664691, 0.1597885182785268, 3.2099526335336947e-05, 0.0002133611152423261, 0.0]
rectification_matrix:
  rows: 3
  cols: 3
  data: [1.000000, 0.000000, 0.000000, 0.000000, 1.000000, 0.000000, 0.000000, 0.000000, 1.000000]
projection_matrix:
  rows: 3
  cols: 4
  data: [504.17803955078125, 0.0, 371.86589928621834, 0.0, 0.0, 568.2509765625, 249.06424137071008, 0.0, 0.0, 0.0, 1.0, 0.0]
