image_width: 752
image_height: 480
camera_name: bluefox_left
camera_matrix:
  rows: 3
  cols: 3
  data: [604.7816515836862, 0.0, 363.3161537602322, 0.0, 604.4585988207509, 240.98116829733564, 0.0, 0.0, 1.0]

distortion_model: plumb_bob
distortion_coefficients:
  rows: 1
  cols: 5
  data: [-0.40117932657175587, 0.16664712322261718, -2.8510868391508417e-05, 0.00036000074638745875, 0.0]
rectification_matrix:
  rows: 3
  cols: 3
  data: [1.000000, 0.000000, 0.000000, 0.000000, 1.000000, 0.000000, 0.000000, 0.000000, 1.000000]
projection_matrix:
  rows: 3
  cols: 4
  data: [499.70257568359375, 0.0, 358.6744566443922, 0.0, 0.0, 563.7193603515625, 241.12009865754953, 0.0, 0.0, 0.0, 1.0, 0.0]
