image_width: 752
image_height: 480
camera_name: bluefox_right
camera_matrix:
  rows: 3
  cols: 3
  data: [607.6240192023437, 0.0, 375.6870406244837, 0.0, 607.3204051907987, 227.31824559484008, 0.0, 0.0, 1.0]

distortion_model: plumb_bob
distortion_coefficients:
  rows: 1
  cols: 5
  data: [-0.39609441686750596, 0.15461497914741587, -0.0007150741491784128, 0.0006378218584985287, 0.0]
rectification_matrix:
  rows: 3
  cols: 3
  data: [1.000000, 0.000000, 0.000000, 0.000000, 1.000000, 0.000000, 0.000000, 0.000000, 1.000000]

projection_matrix:
  rows: 3
  cols: 4
  data: [502.29547119140625, 0.0, 376.4752341847161, 0.0, 0.0, 566.75732421875, 225.1505947074038, 0.0, 0.0, 0.0, 1.0, 0.0]
