image_width: 1280
image_height: 960
camera_name: bluefox
camera_matrix:
  rows: 3
  cols: 3
  data: [548.07788, 0.0, 547.98679, 0.0, 543.92536, 410.65429, 0.0, 0.0, 1.0]
distortion_model: plumb_bob
distortion_coefficients:
  rows: 1
  cols: 5
  data: [-0.243665, 0.037204, 0.007732, 0.004830, 0.000000]
rectification_matrix:
  rows: 3
  cols: 3
  data: [1.0, 0.0, 0.0, 0.0, 1.0, 0.0, 0.0, 0.0, 1.0]
projection_matrix:
  rows: 3
  cols: 4
  data: [367.6189, 0.0, 574.28809, 0.0, 0.0, 389.84158, 379.09188, 0.0, 0.0, 0.0, 1.0, 0.0]
