image_width: 752
image_height: 480
camera_name: bluefox_optflow
camera_matrix:
  rows: 3
  cols: 3
  data: [609.952391, 0.000000, 384.510448, 0.000000, 610.025106, 250.892097, 0.000000, 0.000000, 1.000000]
distortion_model: plumb_bob
distortion_coefficients:
  rows: 1
  cols: 5
  data: [-2.627551e+02, 0.000000e+00, 1.562733e-03, -1.970867e-06, 6.010699e-09]
rectification_matrix:
  rows: 3
  cols: 3
  data: [1.000000, 0.000000, 0.000000, 0.000000, 1.000000, 0.000000, 0.000000, 0.000000, 1.000000]
projection_matrix:
  rows: 3
  cols: 4
  data: [505.167053, 0.000000, 384.510448, 0.000000, 0.000000, 568.042664, 250.892097, 0.000000, 0.000000, 0.000000, 1.000000, 0.000000]
