image_width: 752
image_height: 480
camera_name: bluefox_brick
camera_matrix:
  rows: 3
  cols: 3
  data: [609.952391, 0.000000, 356.739009, 0.000000, 610.025106, 242.049153, 0.000000, 0.000000, 1.000000]
distortion_model: plumb_bob
distortion_coefficients:
  rows: 1
  cols: 5
  data: [-2.630739e+02, 0.000000e+00, 1.583068e-03, -2.075182e-06, 6.208431e-09]
rectification_matrix:
  rows: 3
  cols: 3
  data: [1.000000, 0.000000, 0.000000, 0.000000, 1.000000, 0.000000, 0.000000, 0.000000, 1.000000]
projection_matrix:
  rows: 3
  cols: 4
  data: [189.639587, 0.000000, 363.683738, 0.000000, 0.000000, 209.131226, 224.862448, 0.000000, 0.000000, 0.000000, 1.000000, 0.000000]
