image_width: 752
image_height: 480
camera_name: bluefox_front
camera_matrix:
  rows: 3
  cols: 3
  data: [622.378381, 0.000000, 365.963017, 0.000000, 624.113530, 244.099724, 0.000000, 0.000000, 1.000000]
distortion_model: plumb_bob
distortion_coefficients:
  rows: 1
  cols: 5
  data: [-0.407119, 0.191921, 0.000668, 0.001164, 0.000000]
rectification_matrix:
  rows: 3
  cols: 3
  data: [1.000000, 0.000000, 0.000000, 0.000000, 1.000000, 0.000000, 0.000000, 0.000000, 1.000000]
projection_matrix:
  rows: 3
  cols: 4
  data: [523.541016, 0.000000, 364.015282, 0.000000, 0.000000, 584.594299, 244.915777, 0.000000, 0.000000, 0.000000, 1.000000, 0.000000]
