image_width: 752
image_height: 480
camera_name: bluefox_optflow
camera_matrix:
  rows: 3
  cols: 3
  data: [504.286814, 0, 380.361585, 0, 504.647836, 236.854078, 0, 0, 1]
distortion_model: plumb_bob
distortion_coefficients:
  rows: 1
  cols: 5
  data: [-0.419214, 0.128572, 0.000121, -0.001097, 0]
rectification_matrix:
  rows: 3
  cols: 3
  data: [1, 0, 0, 0, 1, 0, 0, 0, 1]
projection_matrix:
  rows: 3
  cols: 4
  data: [346.338898, 0, 380.335121, 0, 0, 449.619934, 236.029471, 0, 0, 0, 1, 0]
