image_width: 752
image_height: 480
camera_name: bluefox_optflow
camera_matrix:
  rows: 3
  cols: 3
  data: [603.759752, 0.000000, 375.729141, 0.000000, 603.199670, 216.967934, 0.000000, 0.000000, 1.000000]
distortion_model: plumb_bob
distortion_coefficients:
  rows: 1
  cols: 5
  data: [-0.397732, 0.161983, 0.000118, -0.000821, 0.000000]
rectification_matrix:
  rows: 3
  cols: 3
  data: [1.000000, 0.000000, 0.000000, 0.000000, 1.000000, 0.000000, 0.000000, 0.000000, 1.000000]
projection_matrix:
  rows: 3
  cols: 4
  data: [498.718018, 0.000000, 374.431341, 0.000000, 0.000000, 561.445435, 213.540380, 0.000000, 0.000000, 0.000000, 1.000000, 0.000000]
