image_width: 752
image_height: 480
camera_name: bluefox_down
camera_matrix:
  rows: 3
  cols: 3
  data: [563.5245410479097, 0.0, 381.02115726769324, 0.0, 565.272055072875, 267.476103589623, 0.0, 0.0, 1.0]

distortion_model: plumb_bob
distortion_coefficients:
  rows: 1
  cols: 5
  data: [-0.3692561993996692, 0.11989500758043976, -0.0044206166540997375, 0.0005946803843287202, 0.0]
rectification_matrix:
  rows: 3
  cols: 3
  data: [1.000000, 0.000000, 0.000000, 0.000000, 1.000000, 0.000000, 0.000000, 0.000000, 1.000000]
projection_matrix:
  rows: 3
  cols: 4
  data: [563.5245410479097, 0.0, 381.02115726769324, 0.0, 0.0, 565.272055072875, 267.476103589623, 0.0, 0.0, 0.0, 1.0, 0.0]
