image_width: 752
image_height: 480
camera_name: bluefox_optflow
camera_matrix:
  rows: 3
  cols: 3
  data: [499.930373, 0.000000, 373.109345, 0.000000, 500.235632, 272.820890, 0.000000, 0.000000, 1.000000]
distortion_model: plumb_bob
distortion_coefficients:
  rows: 1
  cols: 5
  data: [-0.436089, 0.153867, -0.000080, 0.000058, 0.000000]
rectification_matrix:
  rows: 3
  cols: 3
  data: [1.000000, 0.000000, 0.000000, 0.000000, 1.000000, 0.000000, 0.000000, 0.000000, 1.000000]
projection_matrix:
  rows: 3
  cols: 4
  data: [353.690155, 0.000000, 373.879896, 0.000000, 0.000000, 437.776184, 282.363856, 0.000000, 0.000000, 0.000000, 1.000000, 0.000000]
