image_width: 752
image_height: 480
camera_name: bluefox_optflow
camera_matrix:
  rows: 3
  cols: 3
  data: [602.437751, 0.000000, 375.309887, 0.000000, 601.159703, 247.669334, 0.000000, 0.000000, 1.000000]
distortion_model: plumb_bob
distortion_coefficients:
  rows: 1
  cols: 5
  data: [-0.416329, 0.189709, -0.000229, -0.000569, 0.000000]
rectification_matrix:
  rows: 3
  cols: 3
  data: [1.000000, 0.000000, 0.000000, 0.000000, 1.000000, 0.000000, 0.000000, 0.000000, 1.000000]
projection_matrix:
  rows: 3
  cols: 4
  data: [496.169037, 0.000000, 374.236556, 0.000000, 0.000000, 558.744507, 248.801326, 0.000000, 0.000000, 0.000000, 1.000000, 0.000000]
