image_width: 1600
image_height: 1200
camera_name: basler_left
camera_matrix:
  rows: 3
  cols: 3
  data: [1007.57153,    0.     ,  792.84391,
            0.     , 1007.39919,  591.74378,
            0.     ,    0.     ,    1.     ]
camera_model: plumb_bob
distortion_coefficients:
  rows: 1
  cols: 5
  data: [-0.344505, 0.090286, 0.000837, -0.000651, 0.000000]
rectification_matrix:
  rows: 3
  cols: 3
  data: [1., 0., 0.,
         0., 1., 0.,
         0., 0., 1.]
projection_matrix:
  rows: 3
  cols: 4
  data: [719.33368,   0.     , 783.62457,   0.     ,
           0.     , 860.20068, 590.08259,   0.     ,
           0.     ,   0.     ,   1.     ,   0.     ]
