image_width: 1500
image_height: 1200
camera_name: basler_down
camera_model: plumb_bob
distortion_coefficients:
  rows: 1
  cols: 5
  data: [-0.3508415496816152, 0.09452966483476431, 0.001526171408520841, 0.0007678577642150638, 0.0]
camera_matrix:
  rows: 3
  cols: 3
  data: [1015.5225966013054, 0.0, 774.7725689753509,
          0.0, 1016.3624501564776, 580.0790815059272, 
          0.0, 0.0, 1.0]
rectification_matrix:
  rows: 3
  cols: 3
  data: [1.0, 0.0, 0.0, 
         0.0, 1.0, 0.0, 
         0.0, 0.0, 1.0]
projection_matrix:
  rows: 3
  cols: 4
  data:  [760.2330932617188, 0.0, 796.1958199184301, 0.0, 
          0.0, 866.699951171875, 574.5898214519548, 0.0, 
          0.0, 0.0, 1.0, 0.0]
